---
description: How to make 3D Mesh Plots plots in MATLAB<sup>&reg;</sup> with Plotly.
name: 3D Mesh Plots
display_as: 3d_charts
order: 9
permalink: matlab/3d-mesh/
thumnail_github: thumbnail/3d-mesh.jpg
layout: base
language: matlab
page_type: u-guide
---

## Create Mesh Plot

Create three matrices of the same size. Then plot them as a mesh plot. The plot uses `Z` for both height and color.

```{matlab}
[X,Y] = meshgrid(-8:.5:8);
R = sqrt(X.^2 + Y.^2) + eps;
Z = sin(R)./R;
mesh(X,Y,Z)

fig2plotly(gcf, 'TreatAs', 'mesh')
```
```
pf = 

  <a href="matlab:helpPopup plotlyfig" style="font-weight:bold">plotlyfig</a> with properties:

           data: {[1×1 struct]  [1×1 struct]}
         layout: [1×1 struct]
         frames: {}
            url: ''
          error: []
        warning: []
        message: []
       UserData: [1×1 struct]
    PlotOptions: [1×1 struct]
```
{% capture plot_596413871150 %}
{% raw %}{"data": {"scene": "scene1", "type": "surface", "x": [[-8, -7.5, -7, -6.5, -6, -5.5, -5, -4.5, -4, -3.5, -3, -2.5, -2, -1.5, -1, -0.5, 0, 0.5, 1, 1.5, 2, 2.5, 3, 3.5, 4, 4.5, 5, 5.5, 6, 6.5, 7, 7.5, 8], [-8, -7.5, -7, -6.5, -6, -5.5, -5, -4.5, -4, -3.5, -3, -2.5, -2, -1.5, -1, -0.5, 0, 0.5, 1, 1.5, 2, 2.5, 3, 3.5, 4, 4.5, 5, 5.5, 6, 6.5, 7, 7.5, 8], [-8, -7.5, -7, -6.5, -6, -5.5, -5, -4.5, -4, -3.5, -3, -2.5, -2, -1.5, -1, -0.5, 0, 0.5, 1, 1.5, 2, 2.5, 3, 3.5, 4, 4.5, 5, 5.5, 6, 6.5, 7, 7.5, 8], [-8, -7.5, -7, -6.5, -6, -5.5, -5, -4.5, -4, -3.5, -3, -2.5, -2, -1.5, -1, -0.5, 0, 0.5, 1, 1.5, 2, 2.5, 3, 3.5, 4, 4.5, 5, 5.5, 6, 6.5, 7, 7.5, 8], [-8, -7.5, -7, -6.5, -6, -5.5, -5, -4.5, -4, -3.5, -3, -2.5, -2, -1.5, -1, -0.5, 0, 0.5, 1, 1.5, 2, 2.5, 3, 3.5, 4, 4.5, 5, 5.5, 6, 6.5, 7, 7.5, 8], [-8, -7.5, -7, -6.5, -6, -5.5, -5, -4.5, -4, -3.5, -3, -2.5, -2, -1.5, -1, -0.5, 0, 0.5, 1, 1.5, 2, 2.5, 3, 3.5, 4, 4.5, 5, 5.5, 6, 6.5, 7, 7.5, 8], [-8, -7.5, -7, -6.5, -6, -5.5, -5, -4.5, -4, -3.5, -3, -2.5, -2, -1.5, -1, -0.5, 0, 0.5, 1, 1.5, 2, 2.5, 3, 3.5, 4, 4.5, 5, 5.5, 6, 6.5, 7, 7.5, 8], [-8, -7.5, -7, -6.5, -6, -5.5, -5, -4.5, -4, -3.5, -3, -2.5, -2, -1.5, -1, -0.5, 0, 0.5, 1, 1.5, 2, 2.5, 3, 3.5, 4, 4.5, 5, 5.5, 6, 6.5, 7, 7.5, 8], [-8, -7.5, -7, -6.5, -6, -5.5, -5, -4.5, -4, -3.5, -3, -2.5, -2, -1.5, -1, -0.5, 0, 0.5, 1, 1.5, 2, 2.5, 3, 3.5, 4, 4.5, 5, 5.5, 6, 6.5, 7, 7.5, 8], [-8, -7.5, -7, -6.5, -6, -5.5, -5, -4.5, -4, -3.5, -3, -2.5, -2, -1.5, -1, -0.5, 0, 0.5, 1, 1.5, 2, 2.5, 3, 3.5, 4, 4.5, 5, 5.5, 6, 6.5, 7, 7.5, 8], [-8, -7.5, -7, -6.5, -6, -5.5, -5, -4.5, -4, -3.5, -3, -2.5, -2, -1.5, -1, -0.5, 0, 0.5, 1, 1.5, 2, 2.5, 3, 3.5, 4, 4.5, 5, 5.5, 6, 6.5, 7, 7.5, 8], [-8, -7.5, -7, -6.5, -6, -5.5, -5, -4.5, -4, -3.5, -3, -2.5, -2, -1.5, -1, -0.5, 0, 0.5, 1, 1.5, 2, 2.5, 3, 3.5, 4, 4.5, 5, 5.5, 6, 6.5, 7, 7.5, 8], [-8, -7.5, -7, -6.5, -6, -5.5, -5, -4.5, -4, -3.5, -3, -2.5, -2, -1.5, -1, -0.5, 0, 0.5, 1, 1.5, 2, 2.5, 3, 3.5, 4, 4.5, 5, 5.5, 6, 6.5, 7, 7.5, 8], [-8, -7.5, -7, -6.5, -6, -5.5, -5, -4.5, -4, -3.5, -3, -2.5, -2, -1.5, -1, -0.5, 0, 0.5, 1, 1.5, 2, 2.5, 3, 3.5, 4, 4.5, 5, 5.5, 6, 6.5, 7, 7.5, 8], [-8, -7.5, -7, -6.5, -6, -5.5, -5, -4.5, -4, -3.5, -3, -2.5, -2, -1.5, -1, -0.5, 0, 0.5, 1, 1.5, 2, 2.5, 3, 3.5, 4, 4.5, 5, 5.5, 6, 6.5, 7, 7.5, 8], [-8, -7.5, -7, -6.5, -6, -5.5, -5, -4.5, -4, -3.5, -3, -2.5, -2, -1.5, -1, -0.5, 0, 0.5, 1, 1.5, 2, 2.5, 3, 3.5, 4, 4.5, 5, 5.5, 6, 6.5, 7, 7.5, 8], [-8, -7.5, -7, -6.5, -6, -5.5, -5, -4.5, -4, -3.5, -3, -2.5, -2, -1.5, -1, -0.5, 0, 0.5, 1, 1.5, 2, 2.5, 3, 3.5, 4, 4.5, 5, 5.5, 6, 6.5, 7, 7.5, 8], [-8, -7.5, -7, -6.5, -6, -5.5, -5, -4.5, -4, -3.5, -3, -2.5, -2, -1.5, -1, -0.5, 0, 0.5, 1, 1.5, 2, 2.5, 3, 3.5, 4, 4.5, 5, 5.5, 6, 6.5, 7, 7.5, 8], [-8, -7.5, -7, -6.5, -6, -5.5, -5, -4.5, -4, -3.5, -3, -2.5, -2, -1.5, -1, -0.5, 0, 0.5, 1, 1.5, 2, 2.5, 3, 3.5, 4, 4.5, 5, 5.5, 6, 6.5, 7, 7.5, 8], [-8, -7.5, -7, -6.5, -6, -5.5, -5, -4.5, -4, -3.5, -3, -2.5, -2, -1.5, -1, -0.5, 0, 0.5, 1, 1.5, 2, 2.5, 3, 3.5, 4, 4.5, 5, 5.5, 6, 6.5, 7, 7.5, 8], [-8, -7.5, -7, -6.5, -6, -5.5, -5, -4.5, -4, -3.5, -3, -2.5, -2, -1.5, -1, -0.5, 0, 0.5, 1, 1.5, 2, 2.5, 3, 3.5, 4, 4.5, 5, 5.5, 6, 6.5, 7, 7.5, 8], [-8, -7.5, -7, -6.5, -6, -5.5, -5, -4.5, -4, -3.5, -3, -2.5, -2, -1.5, -1, -0.5, 0, 0.5, 1, 1.5, 2, 2.5, 3, 3.5, 4, 4.5, 5, 5.5, 6, 6.5, 7, 7.5, 8], [-8, -7.5, -7, -6.5, -6, -5.5, -5, -4.5, -4, -3.5, -3, -2.5, -2, -1.5, -1, -0.5, 0, 0.5, 1, 1.5, 2, 2.5, 3, 3.5, 4, 4.5, 5, 5.5, 6, 6.5, 7, 7.5, 8], [-8, -7.5, -7, -6.5, -6, -5.5, -5, -4.5, -4, -3.5, -3, -2.5, -2, -1.5, -1, -0.5, 0, 0.5, 1, 1.5, 2, 2.5, 3, 3.5, 4, 4.5, 5, 5.5, 6, 6.5, 7, 7.5, 8], [-8, -7.5, -7, -6.5, -6, -5.5, -5, -4.5, -4, -3.5, -3, -2.5, -2, -1.5, -1, -0.5, 0, 0.5, 1, 1.5, 2, 2.5, 3, 3.5, 4, 4.5, 5, 5.5, 6, 6.5, 7, 7.5, 8], [-8, -7.5, -7, -6.5, -6, -5.5, -5, -4.5, -4, -3.5, -3, -2.5, -2, -1.5, -1, -0.5, 0, 0.5, 1, 1.5, 2, 2.5, 3, 3.5, 4, 4.5, 5, 5.5, 6, 6.5, 7, 7.5, 8], [-8, -7.5, -7, -6.5, -6, -5.5, -5, -4.5, -4, -3.5, -3, -2.5, -2, -1.5, -1, -0.5, 0, 0.5, 1, 1.5, 2, 2.5, 3, 3.5, 4, 4.5, 5, 5.5, 6, 6.5, 7, 7.5, 8], [-8, -7.5, -7, -6.5, -6, -5.5, -5, -4.5, -4, -3.5, -3, -2.5, -2, -1.5, -1, -0.5, 0, 0.5, 1, 1.5, 2, 2.5, 3, 3.5, 4, 4.5, 5, 5.5, 6, 6.5, 7, 7.5, 8], [-8, -7.5, -7, -6.5, -6, -5.5, -5, -4.5, -4, -3.5, -3, -2.5, -2, -1.5, -1, -0.5, 0, 0.5, 1, 1.5, 2, 2.5, 3, 3.5, 4, 4.5, 5, 5.5, 6, 6.5, 7, 7.5, 8], [-8, -7.5, -7, -6.5, -6, -5.5, -5, -4.5, -4, -3.5, -3, -2.5, -2, -1.5, -1, -0.5, 0, 0.5, 1, 1.5, 2, 2.5, 3, 3.5, 4, 4.5, 5, 5.5, 6, 6.5, 7, 7.5, 8], [-8, -7.5, -7, -6.5, -6, -5.5, -5, -4.5, -4, -3.5, -3, -2.5, -2, -1.5, -1, -0.5, 0, 0.5, 1, 1.5, 2, 2.5, 3, 3.5, 4, 4.5, 5, 5.5, 6, 6.5, 7, 7.5, 8], [-8, -7.5, -7, -6.5, -6, -5.5, -5, -4.5, -4, -3.5, -3, -2.5, -2, -1.5, -1, -0.5, 0, 0.5, 1, 1.5, 2, 2.5, 3, 3.5, 4, 4.5, 5, 5.5, 6, 6.5, 7, 7.5, 8], [-8, -7.5, -7, -6.5, -6, -5.5, -5, -4.5, -4, -3.5, -3, -2.5, -2, -1.5, -1, -0.5, 0, 0.5, 1, 1.5, 2, 2.5, 3, 3.5, 4, 4.5, 5, 5.5, 6, 6.5, 7, 7.5, 8]], "y": [[-8, -8, -8, -8, -8, -8, -8, -8, -8, -8, -8, -8, -8, -8, -8, -8, -8, -8, -8, -8, -8, -8, -8, -8, -8, -8, -8, -8, -8, -8, -8, -8, -8], [-7.5, -7.5, -7.5, -7.5, -7.5, -7.5, -7.5, -7.5, -7.5, -7.5, -7.5, -7.5, -7.5, -7.5, -7.5, -7.5, -7.5, -7.5, -7.5, -7.5, -7.5, -7.5, -7.5, -7.5, -7.5, -7.5, -7.5, -7.5, -7.5, -7.5, -7.5, -7.5, -7.5], [-7, -7, -7, -7, -7, -7, -7, -7, -7, -7, -7, -7, -7, -7, -7, -7, -7, -7, -7, -7, -7, -7, -7, -7, -7, -7, -7, -7, -7, -7, -7, -7, -7], [-6.5, -6.5, -6.5, -6.5, -6.5, -6.5, -6.5, -6.5, -6.5, -6.5, -6.5, -6.5, -6.5, -6.5, -6.5, -6.5, -6.5, -6.5, -6.5, -6.5, -6.5, -6.5, -6.5, -6.5, -6.5, -6.5, -6.5, -6.5, -6.5, -6.5, -6.5, -6.5, -6.5], [-6, -6, -6, -6, -6, -6, -6, -6, -6, -6, -6, -6, -6, -6, -6, -6, -6, -6, -6, -6, -6, -6, -6, -6, -6, -6, -6, -6, -6, -6, -6, -6, -6], [-5.5, -5.5, -5.5, -5.5, -5.5, -5.5, -5.5, -5.5, -5.5, -5.5, -5.5, -5.5, -5.5, -5.5, -5.5, -5.5, -5.5, -5.5, -5.5, -5.5, -5.5, -5.5, -5.5, -5.5, -5.5, -5.5, -5.5, -5.5, -5.5, -5.5, -5.5, -5.5, -5.5], [-5, -5, -5, -5, -5, -5, -5, -5, -5, -5, -5, -5, -5, -5, -5, -5, -5, -5, -5, -5, -5, -5, -5, -5, -5, -5, -5, -5, -5, -5, -5, -5, -5], [-4.5, -4.5, -4.5, -4.5, -4.5, -4.5, -4.5, -4.5, -4.5, -4.5, -4.5, -4.5, -4.5, -4.5, -4.5, -4.5, -4.5, -4.5, -4.5, -4.5, -4.5, -4.5, -4.5, -4.5, -4.5, -4.5, -4.5, -4.5, -4.5, -4.5, -4.5, -4.5, -4.5], [-4, -4, -4, -4, -4, -4, -4, -4, -4, -4, -4, -4, -4, -4, -4, -4, -4, -4, -4, -4, -4, -4, -4, -4, -4, -4, -4, -4, -4, -4, -4, -4, -4], [-3.5, -3.5, -3.5, -3.5, -3.5, -3.5, -3.5, -3.5, -3.5, -3.5, -3.5, -3.5, -3.5, -3.5, -3.5, -3.5, -3.5, -3.5, -3.5, -3.5, -3.5, -3.5, -3.5, -3.5, -3.5, -3.5, -3.5, -3.5, -3.5, -3.5, -3.5, -3.5, -3.5], [-3, -3, -3, -3, -3, -3, -3, -3, -3, -3, -3, -3, -3, -3, -3, -3, -3, -3, -3, -3, -3, -3, -3, -3, -3, -3, -3, -3, -3, -3, -3, -3, -3], [-2.5, -2.5, -2.5, -2.5, -2.5, -2.5, -2.5, -2.5, -2.5, -2.5, -2.5, -2.5, -2.5, -2.5, -2.5, -2.5, -2.5, -2.5, -2.5, -2.5, -2.5, -2.5, -2.5, -2.5, -2.5, -2.5, -2.5, -2.5, -2.5, -2.5, -2.5, -2.5, -2.5], [-2, -2, -2, -2, -2, -2, -2, -2, -2, -2, -2, -2, -2, -2, -2, -2, -2, -2, -2, -2, -2, -2, -2, -2, -2, -2, -2, -2, -2, -2, -2, -2, -2], [-1.5, -1.5, -1.5, -1.5, -1.5, -1.5, -1.5, -1.5, -1.5, -1.5, -1.5, -1.5, -1.5, -1.5, -1.5, -1.5, -1.5, -1.5, -1.5, -1.5, -1.5, -1.5, -1.5, -1.5, -1.5, -1.5, -1.5, -1.5, -1.5, -1.5, -1.5, -1.5, -1.5], [-1, -1, -1, -1, -1, -1, -1, -1, -1, -1, -1, -1, -1, -1, -1, -1, -1, -1, -1, -1, -1, -1, -1, -1, -1, -1, -1, -1, -1, -1, -1, -1, -1], [-0.5, -0.5, -0.5, -0.5, -0.5, -0.5, -0.5, -0.5, -0.5, -0.5, -0.5, -0.5, -0.5, -0.5, -0.5, -0.5, -0.5, -0.5, -0.5, -0.5, -0.5, -0.5, -0.5, -0.5, -0.5, -0.5, -0.5, -0.5, -0.5, -0.5, -0.5, -0.5, -0.5], [0, 0, 0, 0, 0, 0, 0, 0, 0, 0, 0, 0, 0, 0, 0, 0, 0, 0, 0, 0, 0, 0, 0, 0, 0, 0, 0, 0, 0, 0, 0, 0, 0], [0.5, 0.5, 0.5, 0.5, 0.5, 0.5, 0.5, 0.5, 0.5, 0.5, 0.5, 0.5, 0.5, 0.5, 0.5, 0.5, 0.5, 0.5, 0.5, 0.5, 0.5, 0.5, 0.5, 0.5, 0.5, 0.5, 0.5, 0.5, 0.5, 0.5, 0.5, 0.5, 0.5], [1, 1, 1, 1, 1, 1, 1, 1, 1, 1, 1, 1, 1, 1, 1, 1, 1, 1, 1, 1, 1, 1, 1, 1, 1, 1, 1, 1, 1, 1, 1, 1, 1], [1.5, 1.5, 1.5, 1.5, 1.5, 1.5, 1.5, 1.5, 1.5, 1.5, 1.5, 1.5, 1.5, 1.5, 1.5, 1.5, 1.5, 1.5, 1.5, 1.5, 1.5, 1.5, 1.5, 1.5, 1.5, 1.5, 1.5, 1.5, 1.5, 1.5, 1.5, 1.5, 1.5], [2, 2, 2, 2, 2, 2, 2, 2, 2, 2, 2, 2, 2, 2, 2, 2, 2, 2, 2, 2, 2, 2, 2, 2, 2, 2, 2, 2, 2, 2, 2, 2, 2], [2.5, 2.5, 2.5, 2.5, 2.5, 2.5, 2.5, 2.5, 2.5, 2.5, 2.5, 2.5, 2.5, 2.5, 2.5, 2.5, 2.5, 2.5, 2.5, 2.5, 2.5, 2.5, 2.5, 2.5, 2.5, 2.5, 2.5, 2.5, 2.5, 2.5, 2.5, 2.5, 2.5], [3, 3, 3, 3, 3, 3, 3, 3, 3, 3, 3, 3, 3, 3, 3, 3, 3, 3, 3, 3, 3, 3, 3, 3, 3, 3, 3, 3, 3, 3, 3, 3, 3], [3.5, 3.5, 3.5, 3.5, 3.5, 3.5, 3.5, 3.5, 3.5, 3.5, 3.5, 3.5, 3.5, 3.5, 3.5, 3.5, 3.5, 3.5, 3.5, 3.5, 3.5, 3.5, 3.5, 3.5, 3.5, 3.5, 3.5, 3.5, 3.5, 3.5, 3.5, 3.5, 3.5], [4, 4, 4, 4, 4, 4, 4, 4, 4, 4, 4, 4, 4, 4, 4, 4, 4, 4, 4, 4, 4, 4, 4, 4, 4, 4, 4, 4, 4, 4, 4, 4, 4], [4.5, 4.5, 4.5, 4.5, 4.5, 4.5, 4.5, 4.5, 4.5, 4.5, 4.5, 4.5, 4.5, 4.5, 4.5, 4.5, 4.5, 4.5, 4.5, 4.5, 4.5, 4.5, 4.5, 4.5, 4.5, 4.5, 4.5, 4.5, 4.5, 4.5, 4.5, 4.5, 4.5], [5, 5, 5, 5, 5, 5, 5, 5, 5, 5, 5, 5, 5, 5, 5, 5, 5, 5, 5, 5, 5, 5, 5, 5, 5, 5, 5, 5, 5, 5, 5, 5, 5], [5.5, 5.5, 5.5, 5.5, 5.5, 5.5, 5.5, 5.5, 5.5, 5.5, 5.5, 5.5, 5.5, 5.5, 5.5, 5.5, 5.5, 5.5, 5.5, 5.5, 5.5, 5.5, 5.5, 5.5, 5.5, 5.5, 5.5, 5.5, 5.5, 5.5, 5.5, 5.5, 5.5], [6, 6, 6, 6, 6, 6, 6, 6, 6, 6, 6, 6, 6, 6, 6, 6, 6, 6, 6, 6, 6, 6, 6, 6, 6, 6, 6, 6, 6, 6, 6, 6, 6], [6.5, 6.5, 6.5, 6.5, 6.5, 6.5, 6.5, 6.5, 6.5, 6.5, 6.5, 6.5, 6.5, 6.5, 6.5, 6.5, 6.5, 6.5, 6.5, 6.5, 6.5, 6.5, 6.5, 6.5, 6.5, 6.5, 6.5, 6.5, 6.5, 6.5, 6.5, 6.5, 6.5], [7, 7, 7, 7, 7, 7, 7, 7, 7, 7, 7, 7, 7, 7, 7, 7, 7, 7, 7, 7, 7, 7, 7, 7, 7, 7, 7, 7, 7, 7, 7, 7, 7], [7.5, 7.5, 7.5, 7.5, 7.5, 7.5, 7.5, 7.5, 7.5, 7.5, 7.5, 7.5, 7.5, 7.5, 7.5, 7.5, 7.5, 7.5, 7.5, 7.5, 7.5, 7.5, 7.5, 7.5, 7.5, 7.5, 7.5, 7.5, 7.5, 7.5, 7.5, 7.5, 7.5], [8, 8, 8, 8, 8, 8, 8, 8, 8, 8, 8, 8, 8, 8, 8, 8, 8, 8, 8, 8, 8, 8, 8, 8, 8, 8, 8, 8, 8, 8, 8, 8, 8]], "z": [[-0.083953080486421, -0.0911518843639705, -0.0878605757706669, -0.0749568998790165, -0.054402111088937, -0.0288090166219759, -0.000975520434412708, 0.0265312478397611, 0.0516786593150782, 0.0731301216741631, 0.0902658710255413, 0.10308923219009, 0.112058624112819, 0.117888275348621, 0.121354197903323, 0.123130567897802, 0.123669780827923, 0.123130567897802, 0.121354197903323, 0.117888275348621, 0.112058624112819, 0.10308923219009, 0.0902658710255413, 0.0731301216741631, 0.0516786593150782, 0.0265312478397611, -0.000975520434412708, -0.0288090166219759, -0.054402111088937, -0.0749568998790165, -0.0878605757706669, -0.0911518843639705, -0.083953080486421], [-0.0911518843639705, -0.0872380441263558, -0.0722155593156568, -0.0483007953775875, -0.0186304311678548, 0.0133240648624617, 0.0443132642681921, 0.0717446341813026, 0.0939396603086459, 0.110200370893312, 0.120710483573559, 0.126322013824795, 0.128287746052329, 0.127994384720257, 0.12673508793268, 0.12554007460949, 0.125066663569965, 0.12554007460949, 0.12673508793268, 0.127994384720257, 0.128287746052329, 0.126322013824795, 0.120710483573559, 0.110200370893312, 0.0939396603086459, 0.0717446341813026, 0.0443132642681921, 0.0133240648624617, -0.0186304311678548, -0.0483007953775875, -0.0722155593156568, -0.0872380441263558, -0.0911518843639705], [-0.0878605757706669, -0.0722155593156568, -0.0461727331008918, -0.0133328389927083, 0.0221047546807415, 0.0560616938398952, 0.0851882352500579, 0.107264435723081, 0.121354197903323, 0.127726140956331, 0.127598635095563, 0.12278999793824, 0.115356136847076, 0.107280034239234, 0.100248125275867, 0.0955176166614754, 0.0938552283883984, 0.0955176166614754, 0.100248125275867, 0.107280034239234, 0.115356136847076, 0.12278999793824, 0.127598635095563, 0.127726140956331, 0.121354197903323, 0.107264435723081, 0.0851882352500579, 0.0560616938398952, 0.0221047546807415, -0.0133328389927083, -0.0461727331008918, -0.0722155593156568, -0.0878605757706669], [-0.0749568998790165, -0.0483007953775875, -0.0133328389927083, 0.0250537444211254, 0.0618458659394463, 0.0927286223830929, 0.114689470458836, 0.126322013824795, 0.127814288950322, 0.120672778453344, 0.107280034239234, 0.0904020093590773, 0.0727498464973691, 0.0566662145166811, 0.0439599289053833, 0.0358681925771413, 0.0330953827827409, 0.0358681925771413, 0.0439599289053833, 0.0566662145166811, 0.0727498464973691, 0.0904020093590773, 0.107280034239234, 0.120672778453344, 0.127814288950322, 0.126322013824795, 0.114689470458836, 0.0927286223830929, 0.0618458659394463, 0.0250537444211254, -0.0133328389927083, -0.0483007953775875, -0.0749568998790165], [-0.054402111088937, -0.0186304311678548, 0.0221047546807415, 0.0618458659394463, 0.0951366319218347, 0.117888275348621, 0.127914465192293, 0.125066663569965, 0.110991773450039, 0.0886111876940622, 0.0614676825881785, 0.0330953827827409, 0.00653930773432966, -0.0159050880666454, -0.0327291525071524, -0.0430819309582111, -0.046569249699821, -0.0430819309582111, -0.0327291525071524, -0.0159050880666454, 0.00653930773432966, 0.0330953827827409, 0.0614676825881785, 0.0886111876940622, 0.110991773450039, 0.125066663569965, 0.127914465192293, 0.117888275348621, 0.0951366319218347, 0.0618458659394463, 0.0221047546807415, -0.0186304311678548, -0.054402111088937], [-0.0288090166219759, 0.0133240648624617, 0.0560616938398952, 0.0927286223830929, 0.117888275348621, 0.128195633835138, 0.12278999793824, 0.103188366871993, 0.0727498464973691, 0.0358681925771413, -0.00290539680692434, -0.0396120270827976, -0.0713610714107534, -0.0964681698772501, -0.114282728132962, -0.12481027146866, -0.128280059194617, -0.12481027146866, -0.114282728132962, -0.0964681698772501, -0.0713610714107534, -0.0396120270827976, -0.00290539680692434, 0.0358681925771413, 0.0727498464973691, 0.103188366871993, 0.12278999793824, 0.128195633835138, 0.117888275348621, 0.0927286223830929, 0.0560616938398952, 0.0133240648624617, -0.0288090166219759], [-0.000975520434412708, 0.0443132642681921, 0.0851882352500579, 0.114689470458836, 0.127914465192293, 0.12278999793824, 0.100248125275867, 0.0638070356097732, 0.0186864368169347, -0.0293184370882879, -0.0749406829540772, -0.114282728132962, -0.145231376723941, -0.167396188095975, -0.181639791105078, -0.189366111683459, -0.191784854932628, -0.189366111683459, -0.181639791105078, -0.167396188095975, -0.145231376723941, -0.114282728132962, -0.0749406829540772, -0.0293184370882879, 0.0186864368169347, 0.0638070356097732, 0.100248125275867, 0.12278999793824, 0.127914465192293, 0.114689470458836, 0.0851882352500579, 0.0443132642681921, -0.000975520434412708], [0.0265312478397611, 0.0717446341813026, 0.107264435723081, 0.126322013824795, 0.125066663569965, 0.103188366871993, 0.0638070356097732, 0.01267888221914, -0.0430819309582111, -0.0964681698772501, -0.141902059148217, -0.176131113639964, -0.19852122106737, -0.210717040657346, -0.215789299423374, -0.217106624273501, -0.217228915036688, -0.217106624273501, -0.215789299423374, -0.210717040657346, -0.19852122106737, -0.176131113639964, -0.141902059148217, -0.0964681698772501, -0.0430819309582111, 0.01267888221914, 0.0638070356097732, 0.103188366871993, 0.125066663569965, 0.126322013824795, 0.107264435723081, 0.0717446341813026, 0.0265312478397611], [0.0516786593150782, 0.0939396603086459, 0.121354197903323, 0.127814288950322, 0.110991773450039, 0.0727498464973691, 0.0186864368169347, -0.0430819309582111, -0.1036222902607, -0.154996403624723, -0.191784854932628, -0.211997331503135, -0.21718431835124, -0.211747732782194, -0.201629367435613, -0.192695341642474, -0.189200623826982, -0.192695341642474, -0.201629367435613, -0.211747732782194, -0.21718431835124, -0.211997331503135, -0.191784854932628, -0.154996403624723, -0.1036222902607, -0.0430819309582111, 0.0186864368169347, 0.0727498464973691, 0.110991773450039, 0.127814288950322, 0.121354197903323, 0.0939396603086459, 0.0516786593150782], [0.0731301216741631, 0.110200370893312, 0.127726140956331, 0.120672778453344, 0.0886111876940622, 0.0358681925771413, -0.0293184370882879, -0.0964681698772501, -0.154996403624723, -0.196366074412723, -0.215789299423374, -0.213112448447104, -0.192695341642474, -0.162314921526778, -0.131337442163653, -0.108563731271831, -0.100223779339891, -0.108563731271831, -0.131337442163653, -0.162314921526778, -0.192695341642474, -0.213112448447104, -0.215789299423374, -0.196366074412723, -0.154996403624723, -0.0964681698772501, -0.0293184370882879, 0.0358681925771413, 0.0886111876940622, 0.120672778453344, 0.127726140956331, 0.110200370893312, 0.0731301216741631], [0.0902658710255413, 0.120710483573559, 0.127598635095563, 0.107280034239234, 0.0614676825881785, -0.00290539680692434, -0.0749406829540772, -0.141902059148217, -0.191784854932628, -0.215789299423374, -0.210171522935255, -0.177069216812165, -0.124111881387496, -0.0628822344847537, -0.00654070696893884, 0.0328941813182362, 0.0470400026866224, 0.0328941813182362, -0.00654070696893884, -0.0628822344847537, -0.124111881387496, -0.177069216812165, -0.210171522935255, -0.215789299423374, -0.191784854932628, -0.141902059148217, -0.0749406829540772, -0.00290539680692434, 0.0614676825881785, 0.107280034239234, 0.127598635095563, 0.120710483573559, 0.0902658710255413], [0.10308923219009, 0.126322013824795, 0.12278999793824, 0.0904020093590773, 0.0330953827827409, -0.0396120270827976, -0.114282728132962, -0.176131113639964, -0.211997331503135, -0.213112448447104, -0.177069216812165, -0.108563731271831, -0.0187200886011356, 0.076898175608105, 0.161211074964765, 0.218901134610391, 0.239388857641583, 0.218901134610391, 0.161211074964765, 0.076898175608105, -0.0187200886011356, -0.108563731271831, -0.177069216812165, -0.213112448447104, -0.211997331503135, -0.176131113639964, -0.114282728132962, -0.0396120270827976, 0.0330953827827409, 0.0904020093590773, 0.12278999793824, 0.126322013824795, 0.10308923219009], [0.112058624112819, 0.128287746052329, 0.115356136847076, 0.0727498464973691, 0.00653930773432966, -0.0713610714107534, -0.145231376723941, -0.19852122106737, -0.21718431835124, -0.192695341642474, -0.124111881387496, -0.0187200886011356, 0.108919809058432, 0.239388857641583, 0.351844907875699, 0.427821484269143, 0.454648713412841, 0.427821484269143, 0.351844907875699, 0.239388857641583, 0.108919809058432, -0.0187200886011356, -0.124111881387496, -0.192695341642474, -0.21718431835124, -0.19852122106737, -0.145231376723941, -0.0713610714107534, 0.00653930773432966, 0.0727498464973691, 0.115356136847076, 0.128287746052329, 0.112058624112819], [0.117888275348621, 0.127994384720257, 0.107280034239234, 0.0566662145166811, -0.0159050880666454, -0.0964681698772501, -0.167396188095975, -0.210717040657346, -0.211747732782194, -0.162314921526778, -0.0628822344847537, 0.076898175608105, 0.239388857641583, 0.401754742389537, 0.539841580545523, 0.63242170628139, 0.664996657736036, 0.63242170628139, 0.539841580545523, 0.401754742389537, 0.239388857641583, 0.076898175608105, -0.0628822344847537, -0.162314921526778, -0.211747732782194, -0.210717040657346, -0.167396188095975, -0.0964681698772501, -0.0159050880666454, 0.0566662145166811, 0.107280034239234, 0.127994384720257, 0.117888275348621], [0.121354197903323, 0.12673508793268, 0.100248125275867, 0.0439599289053833, -0.0327291525071524, -0.114282728132962, -0.181639791105078, -0.215789299423374, -0.201629367435613, -0.131337442163653, -0.00654070696893884, 0.161211074964765, 0.351844907875699, 0.539841580545523, 0.698455998636608, 0.804306627215558, 0.841470984807896, 0.804306627215558, 0.698455998636608, 0.539841580545523, 0.351844907875699, 0.161211074964765, -0.00654070696893884, -0.131337442163653, -0.201629367435613, -0.215789299423374, -0.181639791105078, -0.114282728132962, -0.0327291525071524, 0.0439599289053833, 0.100248125275867, 0.12673508793268, 0.121354197903323], [0.123130567897802, 0.12554007460949, 0.0955176166614754, 0.0358681925771413, -0.0430819309582111, -0.12481027146866, -0.189366111683459, -0.217106624273501, -0.192695341642474, -0.108563731271831, 0.0328941813182362, 0.218901134610391, 0.427821484269143, 0.63242170628139, 0.804306627215558, 0.918725369865568, 0.958851077208406, 0.918725369865568, 0.804306627215558, 0.63242170628139, 0.427821484269143, 0.218901134610391, 0.0328941813182362, -0.108563731271831, -0.192695341642474, -0.217106624273501, -0.189366111683459, -0.12481027146866, -0.0430819309582111, 0.0358681925771413, 0.0955176166614754, 0.12554007460949, 0.123130567897802], [0.123669780827923, 0.125066663569965, 0.0938552283883984, 0.0330953827827409, -0.046569249699821, -0.128280059194617, -0.191784854932628, -0.217228915036688, -0.189200623826982, -0.100223779339891, 0.0470400026866224, 0.239388857641583, 0.454648713412841, 0.664996657736036, 0.841470984807896, 0.958851077208406, 1, 0.958851077208406, 0.841470984807896, 0.664996657736036, 0.454648713412841, 0.239388857641583, 0.0470400026866224, -0.100223779339891, -0.189200623826982, -0.217228915036688, -0.191784854932628, -0.128280059194617, -0.046569249699821, 0.0330953827827409, 0.0938552283883984, 0.125066663569965, 0.123669780827923], [0.123130567897802, 0.12554007460949, 0.0955176166614754, 0.0358681925771413, -0.0430819309582111, -0.12481027146866, -0.189366111683459, -0.217106624273501, -0.192695341642474, -0.108563731271831, 0.0328941813182362, 0.218901134610391, 0.427821484269143, 0.63242170628139, 0.804306627215558, 0.918725369865568, 0.958851077208406, 0.918725369865568, 0.804306627215558, 0.63242170628139, 0.427821484269143, 0.218901134610391, 0.0328941813182362, -0.108563731271831, -0.192695341642474, -0.217106624273501, -0.189366111683459, -0.12481027146866, -0.0430819309582111, 0.0358681925771413, 0.0955176166614754, 0.12554007460949, 0.123130567897802], [0.121354197903323, 0.12673508793268, 0.100248125275867, 0.0439599289053833, -0.0327291525071524, -0.114282728132962, -0.181639791105078, -0.215789299423374, -0.201629367435613, -0.131337442163653, -0.00654070696893884, 0.161211074964765, 0.351844907875699, 0.539841580545523, 0.698455998636608, 0.804306627215558, 0.841470984807896, 0.804306627215558, 0.698455998636608, 0.539841580545523, 0.351844907875699, 0.161211074964765, -0.00654070696893884, -0.131337442163653, -0.201629367435613, -0.215789299423374, -0.181639791105078, -0.114282728132962, -0.0327291525071524, 0.0439599289053833, 0.100248125275867, 0.12673508793268, 0.121354197903323], [0.117888275348621, 0.127994384720257, 0.107280034239234, 0.0566662145166811, -0.0159050880666454, -0.0964681698772501, -0.167396188095975, -0.210717040657346, -0.211747732782194, -0.162314921526778, -0.0628822344847537, 0.076898175608105, 0.239388857641583, 0.401754742389537, 0.539841580545523, 0.63242170628139, 0.664996657736036, 0.63242170628139, 0.539841580545523, 0.401754742389537, 0.239388857641583, 0.076898175608105, -0.0628822344847537, -0.162314921526778, -0.211747732782194, -0.210717040657346, -0.167396188095975, -0.0964681698772501, -0.0159050880666454, 0.0566662145166811, 0.107280034239234, 0.127994384720257, 0.117888275348621], [0.112058624112819, 0.128287746052329, 0.115356136847076, 0.0727498464973691, 0.00653930773432966, -0.0713610714107534, -0.145231376723941, -0.19852122106737, -0.21718431835124, -0.192695341642474, -0.124111881387496, -0.0187200886011356, 0.108919809058432, 0.239388857641583, 0.351844907875699, 0.427821484269143, 0.454648713412841, 0.427821484269143, 0.351844907875699, 0.239388857641583, 0.108919809058432, -0.0187200886011356, -0.124111881387496, -0.192695341642474, -0.21718431835124, -0.19852122106737, -0.145231376723941, -0.0713610714107534, 0.00653930773432966, 0.0727498464973691, 0.115356136847076, 0.128287746052329, 0.112058624112819], [0.10308923219009, 0.126322013824795, 0.12278999793824, 0.0904020093590773, 0.0330953827827409, -0.0396120270827976, -0.114282728132962, -0.176131113639964, -0.211997331503135, -0.213112448447104, -0.177069216812165, -0.108563731271831, -0.0187200886011356, 0.076898175608105, 0.161211074964765, 0.218901134610391, 0.239388857641583, 0.218901134610391, 0.161211074964765, 0.076898175608105, -0.0187200886011356, -0.108563731271831, -0.177069216812165, -0.213112448447104, -0.211997331503135, -0.176131113639964, -0.114282728132962, -0.0396120270827976, 0.0330953827827409, 0.0904020093590773, 0.12278999793824, 0.126322013824795, 0.10308923219009], [0.0902658710255413, 0.120710483573559, 0.127598635095563, 0.107280034239234, 0.0614676825881785, -0.00290539680692434, -0.0749406829540772, -0.141902059148217, -0.191784854932628, -0.215789299423374, -0.210171522935255, -0.177069216812165, -0.124111881387496, -0.0628822344847537, -0.00654070696893884, 0.0328941813182362, 0.0470400026866224, 0.0328941813182362, -0.00654070696893884, -0.0628822344847537, -0.124111881387496, -0.177069216812165, -0.210171522935255, -0.215789299423374, -0.191784854932628, -0.141902059148217, -0.0749406829540772, -0.00290539680692434, 0.0614676825881785, 0.107280034239234, 0.127598635095563, 0.120710483573559, 0.0902658710255413], [0.0731301216741631, 0.110200370893312, 0.127726140956331, 0.120672778453344, 0.0886111876940622, 0.0358681925771413, -0.0293184370882879, -0.0964681698772501, -0.154996403624723, -0.196366074412723, -0.215789299423374, -0.213112448447104, -0.192695341642474, -0.162314921526778, -0.131337442163653, -0.108563731271831, -0.100223779339891, -0.108563731271831, -0.131337442163653, -0.162314921526778, -0.192695341642474, -0.213112448447104, -0.215789299423374, -0.196366074412723, -0.154996403624723, -0.0964681698772501, -0.0293184370882879, 0.0358681925771413, 0.0886111876940622, 0.120672778453344, 0.127726140956331, 0.110200370893312, 0.0731301216741631], [0.0516786593150782, 0.0939396603086459, 0.121354197903323, 0.127814288950322, 0.110991773450039, 0.0727498464973691, 0.0186864368169347, -0.0430819309582111, -0.1036222902607, -0.154996403624723, -0.191784854932628, -0.211997331503135, -0.21718431835124, -0.211747732782194, -0.201629367435613, -0.192695341642474, -0.189200623826982, -0.192695341642474, -0.201629367435613, -0.211747732782194, -0.21718431835124, -0.211997331503135, -0.191784854932628, -0.154996403624723, -0.1036222902607, -0.0430819309582111, 0.0186864368169347, 0.0727498464973691, 0.110991773450039, 0.127814288950322, 0.121354197903323, 0.0939396603086459, 0.0516786593150782], [0.0265312478397611, 0.0717446341813026, 0.107264435723081, 0.126322013824795, 0.125066663569965, 0.103188366871993, 0.0638070356097732, 0.01267888221914, -0.0430819309582111, -0.0964681698772501, -0.141902059148217, -0.176131113639964, -0.19852122106737, -0.210717040657346, -0.215789299423374, -0.217106624273501, -0.217228915036688, -0.217106624273501, -0.215789299423374, -0.210717040657346, -0.19852122106737, -0.176131113639964, -0.141902059148217, -0.0964681698772501, -0.0430819309582111, 0.01267888221914, 0.0638070356097732, 0.103188366871993, 0.125066663569965, 0.126322013824795, 0.107264435723081, 0.0717446341813026, 0.0265312478397611], [-0.000975520434412708, 0.0443132642681921, 0.0851882352500579, 0.114689470458836, 0.127914465192293, 0.12278999793824, 0.100248125275867, 0.0638070356097732, 0.0186864368169347, -0.0293184370882879, -0.0749406829540772, -0.114282728132962, -0.145231376723941, -0.167396188095975, -0.181639791105078, -0.189366111683459, -0.191784854932628, -0.189366111683459, -0.181639791105078, -0.167396188095975, -0.145231376723941, -0.114282728132962, -0.0749406829540772, -0.0293184370882879, 0.0186864368169347, 0.0638070356097732, 0.100248125275867, 0.12278999793824, 0.127914465192293, 0.114689470458836, 0.0851882352500579, 0.0443132642681921, -0.000975520434412708], [-0.0288090166219759, 0.0133240648624617, 0.0560616938398952, 0.0927286223830929, 0.117888275348621, 0.128195633835138, 0.12278999793824, 0.103188366871993, 0.0727498464973691, 0.0358681925771413, -0.00290539680692434, -0.0396120270827976, -0.0713610714107534, -0.0964681698772501, -0.114282728132962, -0.12481027146866, -0.128280059194617, -0.12481027146866, -0.114282728132962, -0.0964681698772501, -0.0713610714107534, -0.0396120270827976, -0.00290539680692434, 0.0358681925771413, 0.0727498464973691, 0.103188366871993, 0.12278999793824, 0.128195633835138, 0.117888275348621, 0.0927286223830929, 0.0560616938398952, 0.0133240648624617, -0.0288090166219759], [-0.054402111088937, -0.0186304311678548, 0.0221047546807415, 0.0618458659394463, 0.0951366319218347, 0.117888275348621, 0.127914465192293, 0.125066663569965, 0.110991773450039, 0.0886111876940622, 0.0614676825881785, 0.0330953827827409, 0.00653930773432966, -0.0159050880666454, -0.0327291525071524, -0.0430819309582111, -0.046569249699821, -0.0430819309582111, -0.0327291525071524, -0.0159050880666454, 0.00653930773432966, 0.0330953827827409, 0.0614676825881785, 0.0886111876940622, 0.110991773450039, 0.125066663569965, 0.127914465192293, 0.117888275348621, 0.0951366319218347, 0.0618458659394463, 0.0221047546807415, -0.0186304311678548, -0.054402111088937], [-0.0749568998790165, -0.0483007953775875, -0.0133328389927083, 0.0250537444211254, 0.0618458659394463, 0.0927286223830929, 0.114689470458836, 0.126322013824795, 0.127814288950322, 0.120672778453344, 0.107280034239234, 0.0904020093590773, 0.0727498464973691, 0.0566662145166811, 0.0439599289053833, 0.0358681925771413, 0.0330953827827409, 0.0358681925771413, 0.0439599289053833, 0.0566662145166811, 0.0727498464973691, 0.0904020093590773, 0.107280034239234, 0.120672778453344, 0.127814288950322, 0.126322013824795, 0.114689470458836, 0.0927286223830929, 0.0618458659394463, 0.0250537444211254, -0.0133328389927083, -0.0483007953775875, -0.0749568998790165], [-0.0878605757706669, -0.0722155593156568, -0.0461727331008918, -0.0133328389927083, 0.0221047546807415, 0.0560616938398952, 0.0851882352500579, 0.107264435723081, 0.121354197903323, 0.127726140956331, 0.127598635095563, 0.12278999793824, 0.115356136847076, 0.107280034239234, 0.100248125275867, 0.0955176166614754, 0.0938552283883984, 0.0955176166614754, 0.100248125275867, 0.107280034239234, 0.115356136847076, 0.12278999793824, 0.127598635095563, 0.127726140956331, 0.121354197903323, 0.107264435723081, 0.0851882352500579, 0.0560616938398952, 0.0221047546807415, -0.0133328389927083, -0.0461727331008918, -0.0722155593156568, -0.0878605757706669], [-0.0911518843639705, -0.0872380441263558, -0.0722155593156568, -0.0483007953775875, -0.0186304311678548, 0.0133240648624617, 0.0443132642681921, 0.0717446341813026, 0.0939396603086459, 0.110200370893312, 0.120710483573559, 0.126322013824795, 0.128287746052329, 0.127994384720257, 0.12673508793268, 0.12554007460949, 0.125066663569965, 0.12554007460949, 0.12673508793268, 0.127994384720257, 0.128287746052329, 0.126322013824795, 0.120710483573559, 0.110200370893312, 0.0939396603086459, 0.0717446341813026, 0.0443132642681921, 0.0133240648624617, -0.0186304311678548, -0.0483007953775875, -0.0722155593156568, -0.0872380441263558, -0.0911518843639705], [-0.083953080486421, -0.0911518843639705, -0.0878605757706669, -0.0749568998790165, -0.054402111088937, -0.0288090166219759, -0.000975520434412708, 0.0265312478397611, 0.0516786593150782, 0.0731301216741631, 0.0902658710255413, 0.10308923219009, 0.112058624112819, 0.117888275348621, 0.121354197903323, 0.123130567897802, 0.123669780827923, 0.123130567897802, 0.121354197903323, 0.117888275348621, 0.112058624112819, 0.10308923219009, 0.0902658710255413, 0.0731301216741631, 0.0516786593150782, 0.0265312478397611, -0.000975520434412708, -0.0288090166219759, -0.054402111088937, -0.0749568998790165, -0.0878605757706669, -0.0911518843639705, -0.083953080486421]], "contours": {"x": {"start": -8, "end": 8, "size": 0.5, "show": false, "color": [-0.083953080486421, -0.0911518843639705, -0.0878605757706669, -0.0749568998790165, -0.054402111088937, -0.0288090166219759, -0.000975520434412708, 0.0265312478397611, 0.0516786593150782, 0.0731301216741631, 0.0902658710255413, 0.10308923219009, 0.112058624112819, 0.117888275348621, 0.121354197903323, 0.123130567897802, 0.123669780827923, 0.123130567897802, 0.121354197903323, 0.117888275348621, 0.112058624112819, 0.10308923219009, 0.0902658710255413, 0.0731301216741631, 0.0516786593150782, 0.0265312478397611, -0.000975520434412708, -0.0288090166219759, -0.054402111088937, -0.0749568998790165, -0.0878605757706669, -0.0911518843639705, -0.083953080486421, null, -0.0911518843639705, -0.0872380441263558, -0.0722155593156568, -0.0483007953775875, -0.0186304311678548, 0.0133240648624617, 0.0443132642681921, 0.0717446341813026, 0.0939396603086459, 0.110200370893312, 0.120710483573559, 0.126322013824795, 0.128287746052329, 0.127994384720257, 0.12673508793268, 0.12554007460949, 0.125066663569965, 0.12554007460949, 0.12673508793268, 0.127994384720257, 0.128287746052329, 0.126322013824795, 0.120710483573559, 0.110200370893312, 0.0939396603086459, 0.0717446341813026, 0.0443132642681921, 0.0133240648624617, -0.0186304311678548, -0.0483007953775875, -0.0722155593156568, -0.0872380441263558, -0.0911518843639705, null, -0.0878605757706669, -0.0722155593156568, -0.0461727331008918, -0.0133328389927083, 0.0221047546807415, 0.0560616938398952, 0.0851882352500579, 0.107264435723081, 0.121354197903323, 0.127726140956331, 0.127598635095563, 0.12278999793824, 0.115356136847076, 0.107280034239234, 0.100248125275867, 0.0955176166614754, 0.0938552283883984, 0.0955176166614754, 0.100248125275867, 0.107280034239234, 0.115356136847076, 0.12278999793824, 0.127598635095563, 0.127726140956331, 0.121354197903323, 0.107264435723081, 0.0851882352500579, 0.0560616938398952, 0.0221047546807415, -0.0133328389927083, -0.0461727331008918, -0.0722155593156568, -0.0878605757706669, null, -0.0749568998790165, -0.0483007953775875, -0.0133328389927083, 0.0250537444211254, 0.0618458659394463, 0.0927286223830929, 0.114689470458836, 0.126322013824795, 0.127814288950322, 0.120672778453344, 0.107280034239234, 0.0904020093590773, 0.0727498464973691, 0.0566662145166811, 0.0439599289053833, 0.0358681925771413, 0.0330953827827409, 0.0358681925771413, 0.0439599289053833, 0.0566662145166811, 0.0727498464973691, 0.0904020093590773, 0.107280034239234, 0.120672778453344, 0.127814288950322, 0.126322013824795, 0.114689470458836, 0.0927286223830929, 0.0618458659394463, 0.0250537444211254, -0.0133328389927083, -0.0483007953775875, -0.0749568998790165, null, -0.054402111088937, -0.0186304311678548, 0.0221047546807415, 0.0618458659394463, 0.0951366319218347, 0.117888275348621, 0.127914465192293, 0.125066663569965, 0.110991773450039, 0.0886111876940622, 0.0614676825881785, 0.0330953827827409, 0.00653930773432966, -0.0159050880666454, -0.0327291525071524, -0.0430819309582111, -0.046569249699821, -0.0430819309582111, -0.0327291525071524, -0.0159050880666454, 0.00653930773432966, 0.0330953827827409, 0.0614676825881785, 0.0886111876940622, 0.110991773450039, 0.125066663569965, 0.127914465192293, 0.117888275348621, 0.0951366319218347, 0.0618458659394463, 0.0221047546807415, -0.0186304311678548, -0.054402111088937, null, -0.0288090166219759, 0.0133240648624617, 0.0560616938398952, 0.0927286223830929, 0.117888275348621, 0.128195633835138, 0.12278999793824, 0.103188366871993, 0.0727498464973691, 0.0358681925771413, -0.00290539680692434, -0.0396120270827976, -0.0713610714107534, -0.0964681698772501, -0.114282728132962, -0.12481027146866, -0.128280059194617, -0.12481027146866, -0.114282728132962, -0.0964681698772501, -0.0713610714107534, -0.0396120270827976, -0.00290539680692434, 0.0358681925771413, 0.0727498464973691, 0.103188366871993, 0.12278999793824, 0.128195633835138, 0.117888275348621, 0.0927286223830929, 0.0560616938398952, 0.0133240648624617, -0.0288090166219759, null, -0.000975520434412708, 0.0443132642681921, 0.0851882352500579, 0.114689470458836, 0.127914465192293, 0.12278999793824, 0.100248125275867, 0.0638070356097732, 0.0186864368169347, -0.0293184370882879, -0.0749406829540772, -0.114282728132962, -0.145231376723941, -0.167396188095975, -0.181639791105078, -0.189366111683459, -0.191784854932628, -0.189366111683459, -0.181639791105078, -0.167396188095975, -0.145231376723941, -0.114282728132962, -0.0749406829540772, -0.0293184370882879, 0.0186864368169347, 0.0638070356097732, 0.100248125275867, 0.12278999793824, 0.127914465192293, 0.114689470458836, 0.0851882352500579, 0.0443132642681921, -0.000975520434412708, null, 0.0265312478397611, 0.0717446341813026, 0.107264435723081, 0.126322013824795, 0.125066663569965, 0.103188366871993, 0.0638070356097732, 0.01267888221914, -0.0430819309582111, -0.0964681698772501, -0.141902059148217, -0.176131113639964, -0.19852122106737, -0.210717040657346, -0.215789299423374, -0.217106624273501, -0.217228915036688, -0.217106624273501, -0.215789299423374, -0.210717040657346, -0.19852122106737, -0.176131113639964, -0.141902059148217, -0.0964681698772501, -0.0430819309582111, 0.01267888221914, 0.0638070356097732, 0.103188366871993, 0.125066663569965, 0.126322013824795, 0.107264435723081, 0.0717446341813026, 0.0265312478397611, null, 0.0516786593150782, 0.0939396603086459, 0.121354197903323, 0.127814288950322, 0.110991773450039, 0.0727498464973691, 0.0186864368169347, -0.0430819309582111, -0.1036222902607, -0.154996403624723, -0.191784854932628, -0.211997331503135, -0.21718431835124, -0.211747732782194, -0.201629367435613, -0.192695341642474, -0.189200623826982, -0.192695341642474, -0.201629367435613, -0.211747732782194, -0.21718431835124, -0.211997331503135, -0.191784854932628, -0.154996403624723, -0.1036222902607, -0.0430819309582111, 0.0186864368169347, 0.0727498464973691, 0.110991773450039, 0.127814288950322, 0.121354197903323, 0.0939396603086459, 0.0516786593150782, null, 0.0731301216741631, 0.110200370893312, 0.127726140956331, 0.120672778453344, 0.0886111876940622, 0.0358681925771413, -0.0293184370882879, -0.0964681698772501, -0.154996403624723, -0.196366074412723, -0.215789299423374, -0.213112448447104, -0.192695341642474, -0.162314921526778, -0.131337442163653, -0.108563731271831, -0.100223779339891, -0.108563731271831, -0.131337442163653, -0.162314921526778, -0.192695341642474, -0.213112448447104, -0.215789299423374, -0.196366074412723, -0.154996403624723, -0.0964681698772501, -0.0293184370882879, 0.0358681925771413, 0.0886111876940622, 0.120672778453344, 0.127726140956331, 0.110200370893312, 0.0731301216741631, null, 0.0902658710255413, 0.120710483573559, 0.127598635095563, 0.107280034239234, 0.0614676825881785, -0.00290539680692434, -0.0749406829540772, -0.141902059148217, -0.191784854932628, -0.215789299423374, -0.210171522935255, -0.177069216812165, -0.124111881387496, -0.0628822344847537, -0.00654070696893884, 0.0328941813182362, 0.0470400026866224, 0.0328941813182362, -0.00654070696893884, -0.0628822344847537, -0.124111881387496, -0.177069216812165, -0.210171522935255, -0.215789299423374, -0.191784854932628, -0.141902059148217, -0.0749406829540772, -0.00290539680692434, 0.0614676825881785, 0.107280034239234, 0.127598635095563, 0.120710483573559, 0.0902658710255413, null, 0.10308923219009, 0.126322013824795, 0.12278999793824, 0.0904020093590773, 0.0330953827827409, -0.0396120270827976, -0.114282728132962, -0.176131113639964, -0.211997331503135, -0.213112448447104, -0.1770692